psnr_3d: 22.876426696777344
ssim_3d: 0.7206294337908427
ssim_3d_x: 0.7267612218856812
ssim_3d_y: 0.7183828353881836
ssim_3d_z: 0.7167442440986633
