psnr_3d: 22.331159591674805
ssim_3d: 0.7191856503486633
ssim_3d_x: 0.7260746359825134
ssim_3d_y: 0.7168792486190796
ssim_3d_z: 0.714603066444397
