psnr_3d: 22.376195907592773
ssim_3d: 0.7185345689455668
ssim_3d_x: 0.7251548171043396
ssim_3d_y: 0.7165005207061768
ssim_3d_z: 0.7139483690261841
