psnr_3d: 23.136310577392578
ssim_3d: 0.7258176604906718
ssim_3d_x: 0.7319788932800293
ssim_3d_y: 0.7234290242195129
ssim_3d_z: 0.7220450639724731
