psnr_3d: 16.764739990234375
ssim_3d: 0.37418066461881
ssim_3d_x: 0.37824171781539917
ssim_3d_y: 0.37883809208869934
ssim_3d_z: 0.36546218395233154
