psnr_3d: 22.917898178100586
ssim_3d: 0.7247125307718912
ssim_3d_x: 0.7308022975921631
ssim_3d_y: 0.7227040529251099
ssim_3d_z: 0.7206312417984009
