psnr_3d: 23.118759155273438
ssim_3d: 0.7236602505048116
ssim_3d_x: 0.7296135425567627
ssim_3d_y: 0.7212891578674316
ssim_3d_z: 0.7200780510902405
