psnr_3d: 6.9490437507629395
ssim_3d: 0.10204946994781494
ssim_3d_x: 0.10564853250980377
ssim_3d_y: 0.10204654932022095
ssim_3d_z: 0.0984533280134201
