psnr_3d: 22.918519973754883
ssim_3d: 0.7241769830385844
ssim_3d_x: 0.7302976846694946
ssim_3d_y: 0.7222583293914795
ssim_3d_z: 0.719974935054779
