psnr_3d: 22.665063858032227
ssim_3d: 0.7246664563814799
ssim_3d_x: 0.7313219904899597
ssim_3d_y: 0.7222368121147156
ssim_3d_z: 0.7204405665397644
