psnr_3d: 22.63129234313965
ssim_3d: 0.7205615838368734
ssim_3d_x: 0.7270796298980713
ssim_3d_y: 0.7184332013130188
ssim_3d_z: 0.71617192029953
