psnr_3d: 22.73729133605957
ssim_3d: 0.7246896823247274
ssim_3d_x: 0.7309820055961609
ssim_3d_y: 0.722848117351532
ssim_3d_z: 0.7202389240264893
