psnr_3d: 22.661170959472656
ssim_3d: 0.7248808741569519
ssim_3d_x: 0.7316555380821228
ssim_3d_y: 0.7223008871078491
ssim_3d_z: 0.7206861972808838
