psnr_3d: 22.9440975189209
ssim_3d: 0.7260931730270386
ssim_3d_x: 0.7322935461997986
ssim_3d_y: 0.723949670791626
ssim_3d_z: 0.7220363020896912
