psnr_3d: 23.066041946411133
ssim_3d: 0.7241826057434082
ssim_3d_x: 0.7302507758140564
ssim_3d_y: 0.7218327522277832
ssim_3d_z: 0.720464289188385
