psnr_3d: 22.929523468017578
ssim_3d: 0.7259133656819662
ssim_3d_x: 0.7321119904518127
ssim_3d_y: 0.7237927317619324
ssim_3d_z: 0.7218353748321533
