psnr_3d: 5.368772506713867
ssim_3d: 0.05164000143607458
ssim_3d_x: 0.05359697714447975
ssim_3d_y: 0.05095093324780464
ssim_3d_z: 0.05037209391593933
