psnr_3d: 7.725969314575195
ssim_3d: 0.11978129794200261
ssim_3d_x: 0.12449787557125092
ssim_3d_y: 0.12081585079431534
ssim_3d_z: 0.11403016746044159
