psnr_3d: 22.833528518676758
ssim_3d: 0.7263122200965881
ssim_3d_x: 0.7331060767173767
ssim_3d_y: 0.7234954833984375
ssim_3d_z: 0.7223351001739502
