psnr_3d: 22.637758255004883
ssim_3d: 0.7257904012997946
ssim_3d_x: 0.7328646779060364
ssim_3d_y: 0.722769021987915
ssim_3d_z: 0.7217375040054321
