psnr_3d: 23.068620681762695
ssim_3d: 0.7255939642588297
ssim_3d_x: 0.7317641973495483
ssim_3d_y: 0.7236010432243347
ssim_3d_z: 0.7214166522026062
