psnr_3d: 22.79193878173828
ssim_3d: 0.7203059792518616
ssim_3d_x: 0.7266311049461365
ssim_3d_y: 0.7182344794273376
ssim_3d_z: 0.7160523533821106
