psnr_3d: 23.183414459228516
ssim_3d: 0.7240237792332967
ssim_3d_x: 0.7301376461982727
ssim_3d_y: 0.7216817140579224
ssim_3d_z: 0.7202519774436951
