psnr_3d: 22.57218360900879
ssim_3d: 0.7237376968065897
ssim_3d_x: 0.7303380370140076
ssim_3d_y: 0.7216280698776245
ssim_3d_z: 0.7192469835281372
