psnr_3d: 22.516277313232422
ssim_3d: 0.7274448672930399
ssim_3d_x: 0.7339493036270142
ssim_3d_y: 0.7252333164215088
ssim_3d_z: 0.7231519818305969
