psnr_3d: 23.00601577758789
ssim_3d: 0.7259977658589681
ssim_3d_x: 0.7323670983314514
ssim_3d_y: 0.7236295938491821
ssim_3d_z: 0.7219966053962708
