psnr_3d: 22.78310775756836
ssim_3d: 0.7238689661026001
ssim_3d_x: 0.7303202748298645
ssim_3d_y: 0.7218180894851685
ssim_3d_z: 0.7194685339927673
