psnr_3d: 22.25990104675293
ssim_3d: 0.7197328209877014
ssim_3d_x: 0.7266421318054199
ssim_3d_y: 0.7176243662834167
ssim_3d_z: 0.7149319648742676
