psnr_3d: 22.742053985595703
ssim_3d: 0.7238324483235677
ssim_3d_x: 0.7301205396652222
ssim_3d_y: 0.7220475673675537
ssim_3d_z: 0.7193292379379272
