psnr_3d: 22.522308349609375
ssim_3d: 0.7247900565465292
ssim_3d_x: 0.7317476272583008
ssim_3d_y: 0.7220010757446289
ssim_3d_z: 0.7206214666366577
