psnr_3d: 22.519744873046875
ssim_3d: 0.7206570903460184
ssim_3d_x: 0.7271475195884705
ssim_3d_y: 0.7186530828475952
ssim_3d_z: 0.7161706686019897
