psnr_3d: 22.827560424804688
ssim_3d: 0.7206405997276306
ssim_3d_x: 0.7268922924995422
ssim_3d_y: 0.7184410691261292
ssim_3d_z: 0.7165884375572205
