psnr_3d: 22.747234344482422
ssim_3d: 0.7206045587857565
ssim_3d_x: 0.7270157933235168
ssim_3d_y: 0.7185786366462708
ssim_3d_z: 0.7162192463874817
