psnr_3d: 23.084022521972656
ssim_3d: 0.7256919344266256
ssim_3d_x: 0.7318844795227051
ssim_3d_y: 0.7232537865638733
ssim_3d_z: 0.7219375371932983
