psnr_3d: 22.569551467895508
ssim_3d: 0.727735698223114
ssim_3d_x: 0.73415607213974
ssim_3d_y: 0.7255651354789734
ssim_3d_z: 0.7234858870506287
