psnr_3d: 5.657986640930176
ssim_3d: 0.06116590276360512
ssim_3d_x: 0.06354381144046783
ssim_3d_y: 0.06064873933792114
ssim_3d_z: 0.059305157512426376
