psnr_3d: 22.70388412475586
ssim_3d: 0.7203701337178549
ssim_3d_x: 0.726571261882782
ssim_3d_y: 0.718606173992157
ssim_3d_z: 0.7159329652786255
