psnr_3d: 22.75141716003418
ssim_3d: 0.7249705990155538
ssim_3d_x: 0.7313271164894104
ssim_3d_y: 0.7230290770530701
ssim_3d_z: 0.7205556035041809
