psnr_3d: 23.21986961364746
ssim_3d: 0.7228818337122599
ssim_3d_x: 0.7288368940353394
ssim_3d_y: 0.720505952835083
ssim_3d_z: 0.7193026542663574
