psnr_3d: 16.903764724731445
ssim_3d: 0.3661695420742035
ssim_3d_x: 0.37053027749061584
ssim_3d_y: 0.3703552186489105
ssim_3d_z: 0.3576231300830841
