psnr_3d: 23.111249923706055
ssim_3d: 0.722435732682546
ssim_3d_x: 0.7283482551574707
ssim_3d_y: 0.7201338410377502
ssim_3d_z: 0.718825101852417
