psnr_3d: 22.441463470458984
ssim_3d: 0.718494176864624
ssim_3d_x: 0.7249454259872437
ssim_3d_y: 0.7165849804878235
ssim_3d_z: 0.7139521241188049
