psnr_3d: 22.952831268310547
ssim_3d: 0.7256341973940531
ssim_3d_x: 0.7321813106536865
ssim_3d_y: 0.7231722474098206
ssim_3d_z: 0.7215490341186523
