psnr_3d: 6.559154987335205
ssim_3d: 0.08107125262419383
ssim_3d_x: 0.08449486643075943
ssim_3d_y: 0.080691859126091
ssim_3d_z: 0.07802703231573105
