psnr_3d: 22.944347381591797
ssim_3d: 0.7206311424573263
ssim_3d_x: 0.7265076041221619
ssim_3d_y: 0.7185839414596558
ssim_3d_z: 0.7168018817901611
