psnr_3d: 22.681196212768555
ssim_3d: 0.7208646734555563
ssim_3d_x: 0.727202832698822
ssim_3d_y: 0.7189261317253113
ssim_3d_z: 0.7164650559425354
