psnr_3d: 23.060195922851562
ssim_3d: 0.7233535250027975
ssim_3d_x: 0.7293766140937805
ssim_3d_y: 0.7210882306098938
ssim_3d_z: 0.719595730304718
