psnr_3d: 23.132123947143555
ssim_3d: 0.725221574306488
ssim_3d_x: 0.7313097715377808
ssim_3d_y: 0.7227606773376465
ssim_3d_z: 0.7215942740440369
