psnr_3d: 22.897184371948242
ssim_3d: 0.720723569393158
ssim_3d_x: 0.7267473340034485
ssim_3d_y: 0.7187582850456238
ssim_3d_z: 0.7166650891304016
