psnr_3d: 22.916786193847656
ssim_3d: 0.7253855268160502
ssim_3d_x: 0.7318036556243896
ssim_3d_y: 0.7233449220657349
ssim_3d_z: 0.7210080027580261
