psnr_3d: 22.75571060180664
ssim_3d: 0.7235288023948669
ssim_3d_x: 0.7299182415008545
ssim_3d_y: 0.7216686606407166
ssim_3d_z: 0.7189995050430298
