psnr_3d: 23.081092834472656
ssim_3d: 0.7260002692540487
ssim_3d_x: 0.7322232127189636
ssim_3d_y: 0.7236320376396179
ssim_3d_z: 0.7221455574035645
