psnr_3d: 17.421314239501953
ssim_3d: 0.29108186562856037
ssim_3d_x: 0.2969711124897003
ssim_3d_y: 0.2929805815219879
ssim_3d_z: 0.2832939028739929
