psnr_3d: 17.035701751708984
ssim_3d: 0.35133057832717896
ssim_3d_x: 0.35603809356689453
ssim_3d_y: 0.35497018694877625
ssim_3d_z: 0.3429834544658661
