psnr_3d: 7.3546295166015625
ssim_3d: 0.11748865246772766
ssim_3d_x: 0.12190768122673035
ssim_3d_y: 0.1180972158908844
ssim_3d_z: 0.11246106028556824
