psnr_3d: 22.192365646362305
ssim_3d: 0.7260817686716715
ssim_3d_x: 0.7327870726585388
ssim_3d_y: 0.7237057685852051
ssim_3d_z: 0.7217524647712708
