psnr_3d: 17.19308090209961
ssim_3d: 0.32945505777994794
ssim_3d_x: 0.33469632267951965
ssim_3d_y: 0.33229386806488037
ssim_3d_z: 0.3213749825954437
