psnr_3d: 22.337970733642578
ssim_3d: 0.7237194379170736
ssim_3d_x: 0.7306281924247742
ssim_3d_y: 0.7210339903831482
ssim_3d_z: 0.7194961309432983
