psnr_3d: 22.334217071533203
ssim_3d: 0.7268181045850118
ssim_3d_x: 0.7333119511604309
ssim_3d_y: 0.7247151732444763
ssim_3d_z: 0.7224271893501282
