psnr_3d: 6.889862537384033
ssim_3d: 0.09721922129392624
ssim_3d_x: 0.1010543629527092
ssim_3d_y: 0.09726249426603317
ssim_3d_z: 0.09334080666303635
