psnr_3d: 22.949832916259766
ssim_3d: 0.7205410798390707
ssim_3d_x: 0.7266206741333008
ssim_3d_y: 0.7185305953025818
ssim_3d_z: 0.7164719700813293
