psnr_3d: 22.755165100097656
ssim_3d: 0.7239113052686056
ssim_3d_x: 0.7303635478019714
ssim_3d_y: 0.7219330668449402
ssim_3d_z: 0.719437301158905
