psnr_3d: 22.361791610717773
ssim_3d: 0.7230019172032675
ssim_3d_x: 0.7298288345336914
ssim_3d_y: 0.7209280133247375
ssim_3d_z: 0.7182489037513733
