psnr_3d: 5.738607406616211
ssim_3d: 0.07180376350879669
ssim_3d_x: 0.07488834857940674
ssim_3d_y: 0.0712074264883995
ssim_3d_z: 0.06931551545858383
