psnr_3d: 22.9000244140625
ssim_3d: 0.7208280762036642
ssim_3d_x: 0.7270137071609497
ssim_3d_y: 0.7188386917114258
ssim_3d_z: 0.7166318297386169
